3.225806451612903830e-02
3.385439709190578295e-02
3.552972627614959383e-02
3.728796131950409820e-02
3.913320492700154973e-02
4.106976283140665457e-02
4.310215384030983976e-02
4.523512038041410666e-02
4.747363956361966980e-02
4.982293480072845504e-02
5.228848798986776569e-02
5.487605230807421353e-02
5.759166563588584420e-02
6.044166464626785085e-02
6.343269959074718245e-02
6.657174981725848262e-02
6.986614005591071375e-02
7.332355751067666516e-02
7.695206979688677673e-02
8.076014376638347703e-02
8.475666526426289815e-02
8.895095986330489590e-02
9.335281462447339584e-02
9.797250093426372597e-02
1.028207984721858925e-01
1.079090203643102291e-01
1.132490395815690665e-01
1.188533166444132178e-01
1.247349286984693467e-01
1.309076000290445851e-01
1.373857340856812492e-01
1.441844470914884491e-01
1.513196033156759823e-01
1.588078520915952585e-01
1.666666666666666574e-01
